832418545447354368
832418796115730432
832419048512225280
832419185280053249
832419196541747200
832419202858418177
832419216875745281
832419227093102592
832419236106625024
832419243845120000
832419251432652801
832419257996673025
832424333851115520
832439432053669888
832454532223229952
832469633303130114
832484729286823937
832499831100887041
832514930561662976
832530027484946432
832545127176486913
832560227191025664
832575330741264384
832590427148734464
832605528387907585
832620932296421376
832660549485809672
832696125165490176
832711224768884736
832726321335644161
